# Camera list with one line of data per camera:
#   CAMERA_ID, MODEL, WIDTH, HEIGHT, PARAMS[]
# Number of cameras: 54
1 PINHOLE 4096 2160 6283.371566 6283.371566 2082.209425 1085.040259
5 PINHOLE 4096 2160 6983.006236 6983.006236 2065.261067 1105.574436
7 PINHOLE 4096 2160 5436.792022 5436.792022 2076.358661 1103.398736
8 PINHOLE 4096 2160 4335.960852 4335.960852 2085.352782 1093.48899
11 PINHOLE 4096 2160 4983.959079 4983.959079 2069.451765 1090.424633
13 PINHOLE 4096 2160 6071.160504 6071.160504 2087.60373 1084.327187
20 PINHOLE 4096 2160 5735.805294 5735.805294 2070.646507 1069.330864
21 PINHOLE 4096 2160 6026.36948 6026.36948 2081.298922 1089.71944
25 PINHOLE 4096 2160 3936.290024 3936.290024 2072.664137 1081.403063
27 PINHOLE 4096 2160 3824.387478 3824.387478 2087.2862 1088.939738
30 PINHOLE 4096 2160 4688.412699 4688.412699 2056.498566 1088.578581
33 PINHOLE 4096 2160 2209.629539 2209.629539 2055.076841 1095.685014
36 PINHOLE 4096 2160 6571.334948 6571.334948 2069.86182 1070.150736
38 PINHOLE 4096 2160 4029.697746 4029.697746 2081.371049 1078.888534
39 PINHOLE 4096 2160 4171.373213 4171.373213 2087.117114 1087.55941
44 PINHOLE 4096 2160 3777.031387 3777.031387 2074.578839 1055.268952
45 PINHOLE 4096 2160 4157.477283 4157.477283 2087.513807 1068.41483
47 PINHOLE 4096 2160 4622.600357 4622.600357 2076.995653 1079.80278
51 PINHOLE 4096 2160 3732.703645 3732.703645 2074.863592 1092.333873
52 PINHOLE 4096 2160 3448.333677 3448.333677 2081.173261 1085.802406
58 PINHOLE 4096 2160 5455.54265 5455.54265 2071.440243 1079.801815
64 PINHOLE 4096 2160 4169.285333 4169.285333 2086.088399 1070.679441
69 PINHOLE 4096 2160 4189.226804 4189.226804 2081.340151 1074.538472
74 PINHOLE 4096 2160 6974.70719 6974.70719 2082.913484 1092.360417
76 PINHOLE 4096 2160 2209.809138 2209.809138 2077.226597 1088.035205
77 PINHOLE 4096 2160 2210.913948 2210.913948 2053.494648 1093.571011
84 PINHOLE 4096 2160 5641.280336 5641.280336 2060.680572 1072.093392
87 PINHOLE 4096 2160 6046.650681 6046.650681 2082.000223 1065.755522

