# Camera list with one line of data per camera:
#   CAMERA_ID, MODEL, WIDTH, HEIGHT, PARAMS[]
# Number of cameras: 18
1 PINHOLE 4096 2160 2864.466719046071 3019.5798308054827 2059.959445829076 1086.5359148034772
2 PINHOLE 4096 2160 2847.291811957297 3016.0043280065997 2120.8742951600043 1083.1163528085171
3 PINHOLE 4096 2160 2853.8011151751443 3011.0688188584845 2101.8699297143676 1027.1572258657075
4 PINHOLE 4096 2160 2865.0782620222335 3017.069043043041 2078.9434865898643 1078.7914685381343
5 PINHOLE 4096 2160 2861.48891849969 3010.5324603270606 2070.5759002916184 1026.837565311723
6 PINHOLE 4096 2160 2860.6336970265143 3015.1155242288564 2116.3182459212917 1013.1879227311778
7 PINHOLE 4096 2160 2860.235374406233 3009.6144940264053 1977.509004200719 1035.9281855566833
8 PINHOLE 4096 2160 2853.758195123748 3005.1207727809524 2102.910051588159 1053.6974191662816
9 PINHOLE 4096 2160 2898.8630563670913 3006.0687630731563 2056.88568128106 1036.7773493054128
10 PINHOLE 4096 2160 2903.574080671617 3004.2964312063823 2036.8495408639233 1042.4082788927735
11 PINHOLE 4096 2160 2852.1861390370473 3007.6108257367646 2000.4520054579657 1051.9943748163366
12 PINHOLE 4096 2160 2856.7970436924766 3013.4587379389845 2053.866074983837 1068.3960841757814
13 PINHOLE 4096 2160 2860.0205563486047 3015.0959769972847 2043.6842534828672 1084.897084498382
14 PINHOLE 4096 2160 2839.0944846869356 2998.1487256765313 2096.2294109781446 1098.2568381241292
15 PINHOLE 4096 2160 2864.4445822576263 3009.832723786655 2033.7412303761273 1080.8606395062573
16 PINHOLE 4096 2160 2862.2215801839607 3006.09004160711 2024.8650529860877 1046.0182182548842
17 PINHOLE 4096 2160 8558.290450068687 8748.207400982574 2063.939340656676 1039.2714028148755
18 PINHOLE 4096 2160 8577.198822274897 8784.013964848778 1947.9669392122732 1100.3757405437786
